satnumlog=[
1.015 5.48201  591.128 -304.412  22.7809 8
2.025 6.49285  591.127 -304.414  22.7797 8
3.03 7.4972  591.13 -304.41 22.8108 8
4.025 8.49188  591.132 -304.408  22.8073 8
5.03 9.49728  591.122 -304.414  22.7916 8
6.035 10.4993  591.117 -304.418  22.7384 8
7.06 11.5239  591.103 -304.422  22.7159 8
8.095 12.5594  591.098 -304.426  22.6758 8
9.105 13.5714 591.106 -304.42 22.6527 8
10.14 14.6064  591.103 -304.419  22.6318 8
11.155 15.6196  591.11 -304.41 22.6425 8
12.085 16.5483  591.111 -304.404  22.6626 8
13.12 17.5818   591.12 -304.398  22.6856 8
14.16 18.6229  591.134 -304.384  22.6932 8
15.12 19.586   591.13 -304.395  22.6825 8
16.085 20.5472  591.132 -304.384  22.6702 8
17.085 21.5457 591.132 -304.38 22.6484 8
18.12 22.585  591.116 -304.391   22.622 8
19.105 23.5696  591.128 -304.389  22.6034 8
20.205 24.6694  591.101 -304.339  22.5659 8
21.085 25.547  591.057 -304.051  22.5371 8
22.055 26.5274  590.957 -302.957  22.5152 8
23.05 27.5188  590.726 -301.137  22.4523 8
24.05 28.5192 590.233 -298.87 22.3858 8
25.065 29.5345  589.187 -296.823  22.3089 8
26.05 30.5193  587.256 -294.892  22.2356 6
27.045 31.5145  584.642 -293.359   22.126 6
28.045 32.5151  581.492 -292.166  22.0088 6
29.03 33.4998  577.693 -291.214  21.9444 5
30.035 34.5032  573.487 -290.752    21.88 4
31.06 35.5265  569.319 -291.096  21.8356 4
32.035 36.5051  565.783 -291.776  21.8036 4
33.04 37.5071  562.47  -292.5 21.7564 2
34.02 38.4882  559.791 -293.085  21.7596 1
35.025 39.4902 557.449 -293.41 21.7119 1
36.025 40.4917  555.016 -293.453  21.6368 1
37.02 41.4892  552.422 -293.199  21.5494 4
38.04 42.5055  549.269 -292.907  21.3381 3
39.03 43.4936 545.762 -292.21 21.2033 3
40.05 44.5168  542.767 -291.056  20.7786 3
41.05 45.5178   539.59 -291.664  21.4221 3
42.035 46.5018  536.806 -291.131  20.9295 3
43.03 47.493  534.685 -291.071  20.7936 2
44.03 48.4938   534.29 -291.622  21.1362 3
45.05 49.5131  534.239 -291.859  21.1925 3
46.025 50.4912  533.857 -292.062  21.1192 3
47.045 51.5106   532.57 -291.649  20.6076 3
48.05 52.515    530.1 -291.991  20.3733 3
49.035 53.4977   526.36 -292.398  20.0429 6
50.03 54.4945  521.892 -292.435  20.8091 5
51.03 55.4904  516.435 -292.657  20.9952 5
52.03 56.4909  510.403 -292.656  20.5959 5
53.05 57.5102  504.429 -292.666  20.8239 5
54.04 58.5007   499.11 -292.806  20.9041 5
55.02 59.4822  495.658 -292.895  20.9175 7
56.03 60.4925  493.131 -292.894  20.8663 7
57.035 61.4976  490.669 -292.833  20.8268 7
58.04 62.4985  488.405 -292.927   20.877 7
59.04 63.4993  486.089 -293.014    20.89 7
60.045 64.5025  483.882 -293.201  20.8376 7
61.05 65.5071  482.425 -293.288  20.7306 7
62.045 66.5023  481.443 -293.364   20.619 7
63.045 67.5057  480.839 -293.381  20.5688 7
64.05 68.5085  480.474 -293.423  20.5407 7
65.045 69.503  480.237 -293.437  20.5432 7
66.045 70.501  480.064 -293.464    20.44 7
67.05 71.5076  479.444 -293.507  20.3591 8
68.07 72.5248  477.908 -293.509  20.2312 8
69.05 73.5089  474.976 -292.962  20.1065 8
70.07 74.5291  471.763 -290.931  19.9968 8
71.05 75.5043   469.68 -287.394  19.8576 6
72.045 76.5011  468.828 -282.693   19.776 6
73.04 77.4978  468.748 -277.096  19.6043 5
74.02 78.4779   468.91 -271.567  19.4383 5
75.04 79.496   469.02 -266.023  19.3106 5
76.045 80.4977  469.111 -260.886  19.1481 5
77.035 81.4879  469.295 -256.251   18.849 5
78.045 82.5016  469.39 -251.13 18.7245 5
79.04 83.4916  469.466 -244.705  18.5226 7
80.035 84.4863  469.523 -237.223  18.3624 7
81.03 85.4811 469.316 -228.95 18.2052 7
82.04 86.4919  469.156 -219.989  18.0204 7
83.04 87.4905  468.942 -210.832  17.9091 7
84.035 88.4871   468.84 -201.577  17.7483 6
85.04 89.4927  468.831 -192.224  17.5652 6
86.04 90.4921  468.818 -183.015  17.4221 6
87.045 91.495  468.743 -174.082  17.3018 6
88.045 92.4973 468.719 -165.83 17.2206 6
89.035 93.4844  468.737 -158.076  17.0437 5
90.045 94.4931  468.745 -150.881  16.8302 5
91.045 95.4933  468.726 -144.631  16.6738 6
92.05 96.4985  468.708 -138.875  16.5429 6
93.055 97.505  468.594 -133.804  16.3725 4
94.04 98.491  468.425 -130.573  16.2641 4
95.065 99.5119  468.372 -129.661  16.2729 4
96.04 100.49  468.275 -129.123  16.2337 4
97.05 101.5  468.116 -128.046   16.056 7
98.035 102.484  467.714 -125.787  15.9504 7
99.03 103.478  466.521 -122.522   15.869 6
100.035 104.482  463.597 -119.353  15.7512 5
101.04 105.486  458.577 -117.313  15.5191 5
102.04 106.487 452.218 -116.61 15.3614 3
103.04 107.487  445.029 -116.536   15.138 4
104.04 108.486 437.777 -116.54 15.0419 5
105.035 109.481  430.718 -116.544  15.0164 5
106.03 110.477  423.707 -116.515   15.046 5
107.04 111.485  416.455 -116.585   15.009 5
108.055 112.501  408.729 -116.637   14.637 5
109.055 113.501  400.015 -116.649   15.243 6
110.03 114.476  391.028 -116.848  15.3165 6
111.065 115.511      381 -116.812  15.3182 5
112.055 116.499  371.122 -116.798  15.3477 4
113.03 117.471  361.504 -116.616  15.4164 4
114.05 118.491  351.478 -116.449  15.3494 4
115.05 119.491  341.373 -116.382  15.3864 4
116.025 120.469  331.216 -116.254  15.5552 4
117.035 121.479 320.856 -115.72 15.7713 4
118.05 122.493  310.511 -116.379  15.9382 3
119.035 123.479  300.969 -116.456  16.4088 3
120.035 124.477  291.207 -116.656   16.195 3
121.04 125.479   281.47 -116.767  16.3534 6
122.035 126.477  271.968 -116.711   16.522 5
123.04 127.478  262.676 -116.707  16.7871 5
124.045 128.483  253.687 -116.637  17.1109 4
125.03 129.467  245.724 -116.587  17.5573 3
126.06 130.498  238.196 -116.501  17.7609 2
127.04 131.482  231.516 -116.502  18.0686 5
128.055 132.496  224.427 -116.502  18.3718 7
129.035 133.476  217.386 -116.488    18.72 7
130.06 134.498  209.619 -116.333   19.034 7
131.04 135.478  201.833 -116.235  19.3958 7
132.03 136.467  193.583 -116.123  19.7738 7
133.045 137.48  184.766 -116.111  20.0343 7
134.065 138.502  175.924 -116.209   20.439 6
135.045 139.48  167.506 -116.224  20.7466 6
136.05 140.484  159.218 -116.267  21.0686 5
137.04 141.475  151.664 -116.271  21.3287 5
138.045 142.479   145.19 -116.183  21.5715 5
139.035 143.469  139.459 -116.152  21.8162 8
140.045 144.479  134.593 -116.147    22.04 8
141.045 145.479 130.977  -116.2 22.2014 7
142.045 146.478  127.814 -116.257  22.3254 7
143.04 147.477  124.685 -116.262  22.3952 7
144.04 148.475  121.468 -116.274  22.4221 7
145.04 149.472   117.79 -116.366  22.5635 6
146.035 150.467  113.369 -116.487  22.7375 6
147.03 151.463  108.339 -116.584   22.851 6
148.04 152.47  103.152 -116.408  22.9316 6
149.015 153.449  98.4016 -115.627  22.9777 6
150.035 154.473  94.1952 -113.775  23.0034 6
151.04 155.476  91.2047 -110.982   23.067 6
152.035 156.471  89.5023 -107.554  23.1061 5
153.025 157.463  88.6247 -103.768  23.1381 5
154.025 158.462  87.9202 -99.3531  23.1598 4
155.025 159.461  87.2453 -94.3412   23.182 4
156.025 160.46  86.6106 -88.5877  23.1326 4
157.02 161.456  86.0572 -81.9286  23.1262 4
158.045 162.481  85.6684 -74.3188   23.135 3
159.015 163.45  85.6806 -66.4883  23.2251 3
160.025 164.459  85.6197 -57.7773  23.3329 3
161.02 165.453  85.2508 -49.1499  23.3992 3
162.01 166.444 84.6348  -40.25 23.6554 2
163.01 167.443  83.4476 -31.2198  23.7238 2
164.01 168.445  81.5823 -22.2609  23.5718 2
165.03 169.463  79.5908 -13.2162  23.8494 2
166.035 170.466   77.042 -5.37862   23.573 2
167.025 171.458   73.79  1.6043 23.7037 2
168.02 172.45 70.9925 7.37404 23.6689 2
169.02 173.453 67.8295 11.0757 23.5943 4
170.04 174.469 66.1498   14.45 22.7025 5
171.04 175.468 64.2365 16.4145 22.5672 5
172.025 176.455 62.7061 17.9826 22.4667 5
173.015 177.447 61.8621 19.2174 22.2971 5
174.025 178.453 61.2538  20.319 22.3385 5
175.02 179.447 60.9479  21.242 22.2344 5
176.035 180.466 60.4453 22.1339 22.1403 5
177.01 181.447 59.8114 23.1787 22.0179 5
178.03 182.47 58.9308 24.7475 21.9208 5
179.01 183.446 57.8404  26.492 21.7908 5
180.035 184.47 56.7941 28.4805 21.5981 5
181.01 185.449  55.623  30.226 21.5842 5
182.015 186.451 54.2826 32.1099 21.5533 6
183.015 187.453  52.785 34.1805 21.5062 6
184.015 188.454 51.3182 36.3099 21.4737 6
